Start Optimization 
Loss: 58.971060  SIA Ef: 6.327262 Binding: -0.55 -0.86 3.11 0.50 -0.92 0.01 0.46 1.51 -1.15 -0.70 0.42  Rvol: 0.82 1.53 2.26 -0.33 -0.08 0.32 0.83 0.14 1.01 1.73 2.61 -0.28 0.13 0.51 1.16 
Loss: 153.660032  SIA Ef: -9.597409 Binding: 2.96 3.35 3.01 3.05 4.02 1.04 -0.09 1.61 -0.32 0.18 1.68  Rvol: 0.11 0.84 0.72 -0.33 -0.02 0.21 0.03 0.14 0.62 0.71 0.83 -0.28 0.15 0.30 0.31 
