Start Optimization 
Loss: 112.582255  SIA Ef: 5.350965 Binding: 1.91 3.11 6.77 3.18 2.51 -0.44 -0.14 -0.06 -1.33 -1.62 -1.02  Rvol: 0.89 1.68 2.27 -0.33 -0.02 0.31 0.75 0.14 1.15 1.83 2.63 -0.28 0.17 0.51 1.04 
Loss: 1228.361710  SIA Ef: 5.946395 Binding: 2.96 2.53 8.43 3.58 2.51 0.17 -0.39 0.66 -1.51 -21.33 -25.01  Rvol: 1.01 1.91 2.48 -0.33 -0.03 0.26 0.69 0.14 1.32 1.97 2.93 -0.28 0.16 1.21 2.31 
Loss: 849.895592  SIA Ef: 9.382885 Binding: 6.32 4.76 11.89 5.82 4.43 1.52 0.42 0.02 -10.66 -15.03 -12.40  Rvol: 1.37 2.37 3.03 -0.33 0.25 0.62 1.13 0.14 1.55 2.36 3.51 -0.28 0.35 1.09 1.55 
