Start Optimization 
Loss: 112.582255  SIA Ef: 5.350965 Binding: 1.91 3.11 6.77 3.18 2.51 -0.44 -0.14 -0.06 -1.33 -1.62 -1.02  Rvol: 0.89 1.68 2.27 -0.33 -0.02 0.31 0.75 0.14 1.15 1.83 2.63 -0.28 0.17 0.51 1.04 
Loss: 151.697867  SIA Ef: 5.946395 Binding: 2.96 2.53 8.43 3.58 2.51 0.17 -0.39 0.66 -1.51 -1.67 -1.21  Rvol: 1.01 1.91 2.48 -0.33 -0.03 0.26 0.69 0.14 1.32 1.97 2.93 -0.28 0.16 0.41 0.92 
Loss: 1164.604722  SIA Ef: 13.018775 Binding: 1.81 20.18 15.52 9.46 8.07 5.16 12.20 0.02 -1.52 -1.75 -1.14  Rvol: 0.92 1.98 3.03 -0.33 0.25 0.62 1.13 0.14 1.55 2.36 3.51 -0.28 0.43 0.76 1.31 
